10 0.0009370 0.0010390
20 0.0031040 0.0035601
30 0.0089421 0.0069938
40 0.0110779 0.0115230
50 0.0173981 0.0178390
60 0.0223758 0.0280061
70 0.0287378 0.0335340
80 0.0335600 0.0423331
90 0.0392060 0.0534279
100 0.0442431 0.0651462
150 0.0805900 0.1430421
200 0.1214850 0.2762249
300 0.2295508 0.6667540
400 0.3666220 1.1795640
500 0.5067809 1.8718028
600 0.6812260 2.6995649
700 0.8349972 3.8379309
800 1.0206718 4.8004501
900 1.1958830 6.1728532
1000 1.4003611 7.8991399
2000 3.7918429 40.7159750
3000 6.8999462 97.6599860
4000 10.1695912
5000 13.6909249
6000 17.2950299
7000 21.1669080
8000 25.2523329
9000 29.6465890

