1. Divide the number of points into multiple parts (N / n_threads)
    N=2000, nsteps=200, theta_max=0.256, max_diff = 0.000962522914
    NTHREADS:    
                Pthread             OpenMP
                1 -> 2.726048       2.414907
                2 -> 1.472780       1.354420
                3 -> 1.020205       0.979263
                4 -> 0.809606 ##    0.790889
                5 -> 1.016224       0.754713
                6 -> 0.891470       0.718945
                7 -> 0.842959       0.717451
                8 -> 0.832015       0.703909
                9 -> 1.006405       0.677213
                10 -> 0.922644      0.673788
                11 -> 0.859504      0.672750
                12 -> 0.858420      0.670195
                13 -> 0.868990      0.668185 #
                14 -> 0.837076      0.677569
                15 -> 0.810366      0.668545
                16 -> 0.841048      0.668896
                17 -> 0.856906      0.673219
                18 -> 0.840364      0.673834
                19 -> 0.827306      0.680233
                20 -> 0.837835      0.679922

    N=3000, nsteps=100, theta_max=0.584, max_diff = 0.000987675851
    NTHREADS:    
                Pthread             OpenMP
                1 -> 0.948277       0.769427
                2 -> 0.541825       0.488106
                3 -> 0.427583       0.377960
                4 -> 0.393290       0.322019
                5 -> 0.448731       0.301154
                6 -> 0.415884       0.310194
                7 -> 0.405973       0.298283
                8 -> 0.411363       0.297981
                9 -> 0.447424       0.285907 ##
                10 -> 0.426903      0.289879
                11 -> 0.417043      0.290624
                12 -> 0.412757      0.287061
                13 -> 0.424103      0.285379
                14 -> 0.415397      0.295657
                15 -> 0.430223      0.287624
                16 -> 0.400712      0.287769
                17 -> 0.413571      0.297746
                18 -> 0.414557      0.289553
                19 -> 0.417847      0.291014
                20 -> 0.416508      0.290463

    N=5000, nsteps=100, theta_max=0.256
    NTHREADS:
                Pthread             OpenMP
                1 -> 4.703620       4.363564
                2 -> 2.395946       2.413536
                3 -> 1.669490       1.699464
                4 -> 1.307092       1.329352
                5 -> 1.596911       1.271195    
                6 -> 1.434083       1.236491
                7 -> 1.286782       1.160875
                8 -> 1.196173 ##    1.126431
                9 -> 1.560455       1.097120
                10 -> 1.424783      1.099917
                11 -> 1.376924      1.099786
                12 -> 1.395337      1.110422
                13 -> 1.370787      1.099964
                14 -> 1.300634      1.112051
                15 -> 1.222078      1.129484  
                16 -> 1.231368 #    1.095405 ##
                17 -> 0.754912      1.114751
                18 -> 0.718205      1.110918
                19 -> 0.710702      1.124876
                20 -> 0.703324      1.097246


    nsteps=200, theta_max=0.256, n_threads=8

                    A6              A4
    100             0.013639        0.028037
    1000            0.323462        0.903537
    2000            0.702836        2.413658
    3000            1.228913        4.281464
    4000            1.729200        6.920647
    5000            2.309404        8.655530
    6000            2.855864        10.933182
    7000            3.420613        13.408274
    8000            4.075738        15.926194
    9000            4.751379        19.632860
    10000           6.129309        22.037004


A4 0.028037, 0.903537, 2.413658, 4.281464, 6.920647, 8.655530, 10.933182, 13.408274, 15.926194, 19.632860, 22.037004
A6 0.013639, 0.323462, 0.702836, 1.228913, 1.729200, 2.309404, 2.855864, 3.420613, 4.075738, 4.751379, 6.129309

100  , 1000 , 2000 , 3000 , 4000 , 5000 , 6000 , 7000 , 8000 , 9000 , 10000